Bryansk
600.9999999999998 2015
746.9 2016
634.3000000000002 2017
519.0000000000001 2018
482.36 2019
136.0 2020
Chernigiv
529.5200000000001 2015
690.9 2016
604.4 2017
539.6000000000001 2018
447.00000000000006 2019
88.69999999999997 2020
Dmitrovsk
583.4000000000001 2015
894.8000000000001 2016
747.1999999999997 2017
555.7 2018
561.1999999999998 2019
132.7 2020
Druzhba
483.6 2015
759.5999999999995 2016
651.0000000000002 2017
495.2999999999999 2018
481.19999999999993 2019
103.1 2020
Elnya
499.60000000000014 2015
922.2 2016
789.5999999999998 2017
726.3999999999995 2018
658.3999999999999 2019
139.20000000000002 2020
Fatezh
602.8000000000001 2015
890.8000000000001 2016
737.0999999999999 2017
533.4000000000002 2018
529.5000000000002 2019
128.9 2020
Gluchiv
538.0000000000001 2015
481.6 2016
506.4999999999999 2017
412.2999999999997 2018
456.0999999999999 2019
127.10000000000002 2020
Karachaev
487.7999999999999 2015
794.6000000000004 2016
591.5999999999999 2017
524.2 2018
445.50000000000006 2019
113.49999999999997 2020
Konotop
543.0000000000002 2015
847.9000000000003 2016
589.7 2017
520.1000000000001 2018
439.4000000000003 2019
129.79999999999998 2020
Kurchatov
521.4999999999999 2015
802.8999999999999 2016
522.2 2017
578.5000000000001 2018
433.30000000000007 2019
105.39999999999999 2020
Kursk
640.6 2015
990.3999999999997 2016
668.2999999999998 2017
630.0000000000002 2018
527.3999999999999 2019
116.49999999999997 2020
Navlya
580.0999999999999 2015
862.4000000000002 2016
686.5999999999999 2017
464.70000000000005 2018
503.19999999999993 2019
111.10000000000001 2020
Nizhin
528.6000000000003 2015
769.3 2016
674.6000000000001 2017
477.2 2018
429.8000000000003 2019
91.4 2020
Oboyan
549.2000000000002 2015
724.5999999999996 2016
619.5 2017
628.8000000000001 2018
475.90000000000003 2019
116.2 2020
Oster
520.8000000000002 2015
685.4999999999998 2016
566.6000000000001 2017
436.2800000000001 2018
365.00000000000006 2019
75.39999999999999 2020
Pokoshichi
545.7000000000004 2015
360.20000000000005 2016
17.099999999999998 2017
569.5000000000003 2018
445.6 2019
136.8 2020
Poniri
545.6000000000001 2015
934.8000000000001 2016
704.5000000000001 2017
598.7 2018
597.6999999999999 2019
125.79999999999997 2020
Rilsk
472.2 2015
877.02 2016
683.9999999999995 2017
562.8000000000001 2018
594.1999999999998 2019
111.90000000000002 2020
Semenivka
451.4000000000003 2015
688.8000000000001 2016
665.8 2017
546.1000000000001 2018
380.1000000000001 2019
108.09999999999998 2020
Shchors
461.40000000000043 2015
275.6000000000001 2016
405.49999999999994 2017
430.09999999999997 2018
409.9 2019
94.49999999999999 2020
SpasDemensk
569.2999999999998 2015
832.4199999999997 2016
736.9999999999999 2017
577.2000000000004 2018
642.3999999999997 2019
149.30000000000004 2020
Sumi
586.4 2015
775.2999999999998 2016
481.70000000000016 2017
439.29999999999995 2018
422.90000000000015 2019
106.20000000000002 2020
Tim
497.3000000000001 2015
744.6 2016
593.3000000000001 2017
556.8000000000002 2018
564.5999999999999 2019
102.19999999999999 2020
Trubchevsk
490.3 2015
695.7 2016
728.4000000000001 2017
572.2000000000004 2018
466.10000000000014 2019
119.1 2020
Unecha
552.8 2015
739.7999999999998 2016
680.3999999999997 2017
622.0000000000002 2018
512.7000000000003 2019
178.69999999999996 2020
Vishgorod
437.50000000000006 2015
488.09999999999997 2016
443.5 2017
408.5 2018
525.2000000000002 2019
88.09999999999998 2020
Zhizdra
473.90000000000026 2015
668.2 2016
572.6999999999999 2017
510.2 2018
600.3999999999996 2019
111.5 2020
Zhukovka
532.8999999999999 2015
765.9999999999998 2016
647.0999999999998 2017
559.4999999999998 2018
588.7999999999994 2019
122.39999999999999 2020