WMO_NO	WMO_NAME	LATITUDE	LONGITUDE	Y_COORDINATE	X_COORDINATE	ALTITUDE	CLIMATE_BARRIER_NO	COUNTRY_CODE	DISTANCE_TO_COAST	PERCENT_COMPLETE
33998	Ai-Petri	44.43	34.08	0	0	1180	0	UKR	0	80
33959	Alushta	44.68	34.43	0	0	3	0	UKR	0	80
34622	Amvrosivka	47.8	38.51	0	0	164	0	UKR	63	80
33958	Angarskiy pereval	44.75	34.35	0	0	765	0	UKR	7	80
34510	Artemivsk	48.6	37.98	0	0	123	0	UKR	173	80
33915	Askania-Nova	46.45	33.88	0	0	28	0	UKR	114	80
33354	Baryshivka	50.35	31.34	0	0	98	0	UKR	419	80
33788	Bashtanka	47.42	32.46	0	0	84	0	UKR	89	80
34717	Berdyansk	46.75	36.78	0	0	2	0	UKR	0	80
33634	Beregove	48.22	22.63	0	0	113	0	UKR	632	80
33409	Berezhany	49.43	24.95	0	0	303	0	UKR	543	80
33830	Bilgorod-Dnistrovskiy	46.2	30.37	0	0	1	0	UKR	13	80
33966	Bilogorsk	45.05	34.6	0	0	205	0	UKR	31	80
33446	Bilopillya	49.83	28.88	0	0	167	0	UKR	387	80
34434	Bilovodsk	49.21	39.58	0	0	74	0	UKR	222	80
33717	Bobrynets	48.06	32.15	0	0	142	0	UKR	159	80
34302	Bolodukniv	50.2	35.53	0	0	202	0	UKR	467	80
33347	Boryspil	50.34	30.97	0	0	121	0	UKR	414	80
34708	Botieve	46.68	35.85	0	0	17	0	UKR	0	80
33297	Brody	50.1	25.15	0	0	227	0	UKR	636	80
33464	Byla Tzerkva	49.78	30.18	0	0	179	0	UKR	358	80
34509	Chaplyne	48.13	36.23	0	0	173	0	UKR	148	80
33487	Cherkasy	49.41	32.05	0	0	111	0	UKR	308	80
33135	Chernihiv	51.46	31.25	0	0	139	0	UKR	531	80
33658	Chernivtsi	48.36	25.9	0	0	242	0	UKR	406	80
33231	Chornobyl	51.28	30.23	0	0	123	0	UKR	525	80
33924	Chornomorsk	45.51	32.7	0	0	9	0	UKR	0	80
33136	Chors	51.8	31.95	0	0	127	0	UKR	567	80
33536	Chortkiv	49.01	25.8	0	0	320	0	UKR	462	80
33605	Chyhyryn	49.08	32.66	0	0	123	0	UKR	273	80
34537	Darivka	48.08	39.5	0	0	300	0	UKR	85	80
34524	Debaltseve	48.35	38.43	0	0	334	0	UKR	135	80
34504	Dnipropetrovsk	48.6	34.96	0	0	141	0	UKR	299	80
33524	Dolina	48.97	24	0	0	470	0	UKR	581	80
33719	Dolinska	48.12	32.77	0	0	176	0	UKR	167	80
34519	Donetsk	48.06	37.76	0	0	224	0	UKR	113	80
33398	Drohobych	49.35	23.51	0	0	275	0	UKR	674	80
33058	Druzhba	52.05	33.95	0	0	189	0	UKR	618	80
33296	Dubno	50.4	25.75	0	0	198	0	UKR	594	80
33934	Dzhankoy	45.72	34.4	0	0	6	0	UKR	27	80
33929	Evpatoria	45.25	33.25	0	0	3	0	UKR	0	80
33339	Fastiv	50.07	29.91	0	0	208	0	UKR	394	80
33976	Feodosia	45.03	35.38	0	0	22	0	UKR	0	80
33156	Gluhiv	51.65	33.99	0	0	180	0	UKR	580	80
33376	Hadiach	50.36	33.98	0	0	154	0	UKR	442	80
33577	Haisyn	48.8	29.4	0	0	210	0	UKR	305	80
33910	Henichesk	46.17	34.82	0	0	14	0	UKR	8	80
33686	Hiyvoron	48.33	29.87	0	0	150	0	UKR	201	80
34407	Hubynykha	48.8	35.25	0	0	127	0	UKR	325	80
34606	Hulayi pole	47.65	36.27	0	0	117	0	UKR	94	80
33638	Hust	48.18	23.3	0	0	164	0	UKR	593	80
33836	Ilichovsk	46.32	30.66	0	0	40	0	UKR	0	80
33933	Ishun	45.88	33.82	0	0	3	0	UKR	0	80
33526	Ivano-Frankivsk	48.96	24.4	0	0	270	0	UKR	561	80
34415	Izium	49.18	37.3	0	0	77	0	UKR	231	80
33889	Izmail	45.36	28.85	0	0	28	0	UKR	33	80
33548	Kamianets-Podilskyi	48.65	26.66	0	0	217	0	UKR	391	80
33288	Kamyanka	50.12	24.35	0	0	228	0	UKR	645	80
33475	Kaniv	49.8	31.52	0	0	99	0	UKR	339	80
33957	Karadag	44.63	35.23	0	0	41	0	UKR	0	80
33983	Kerch	45.4	36.41	0	0	46	0	UKR	0	80
34300	Kharkiv	49.96	36.13	0	0	154	0	UKR	471	80
33902	Kherson	46.63	32.57	0	0	47	0	UKR	61	80
33429	Khmelnytskyi	49.43	26.98	0	0	350	0	UKR	453	80
33439	Khmilnik	49.57	27.9	0	0	286	0	UKR	434	80
33711	Kirovohrad	48.51	32.2	0	0	170	0	UKR	207	80
33939	Klepynene	45.65	34.2	0	0	37	0	UKR	52	80
33621	Kobeliaky	49.15	34.2	0	0	115	0	UKR	324	80
34304	Kolomak	49.85	35.23	0	0	180	0	UKR	422	80
33651	Kolomya	48.53	25.03	0	0	295	0	UKR	497	80
33723	Komisarivka	48.43	33.9	0	0	118	0	UKR	234	80
34317	Komsomolske	49.45	36.85	0	0	102	0	UKR	279	80
33261	Konotop	51.23	33.2	0	0	144	0	UKR	513	80
33215	Korosten	50.95	28.62	0	0	185	0	UKR	511	80
33173	Kovel	51.21	24.68	0	0	173	0	UKR	788	80
34514	Krasnoarmiysk	48.25	36.98	0	0	193	0	UKR	147	80
34401	Krasnohrad	49.38	35.45	0	0	158	0	UKR	303	80
33299	Kremenetc	50.13	25.73	0	0	259	0	UKR	564	80
33791	Kryvyi Rih	48.03	33.21	0	0	123	0	UKR	174	80
34319	Kupiansk	49.63	37.7	0	0	87	0	UKR	281	80
33345	Kyiv	50.4	30.45	0	0	166	0	UKR	423	80
34609	Kyrylivka	47.33	36.33	0	0	221	0	UKR	66	80
33382	Lebedin	50.58	34.48	0	0	131	0	UKR	474	80
33761	Liubashivka	47.85	30.26	0	0	181	0	UKR	139	80
33801	Loshkarivka	47.97	34.17	0	0	83	0	UKR	206	80
34409	Lozova	48.9	36.31	0	0	175	0	UKR	225	80
33075	Lubeshiv	51.77	25.52	0	0	152	0	UKR	738	80
33377	Lubny	50	33.01	0	0	156	0	UKR	383	80
34523	Luhansk	48.56	39.25	0	0	59	0	UKR	138	80
33187	Lutsk	50.7	25.5	0	0	233	0	UKR	631	80
33393	Lviv	49.81	23.95	0	0	319	0	UKR	655	80
33182	Manevichi	51.28	25.53	0	0	195	0	UKR	679	80
34712	Mariupol	47.03	37.5	0	0	1	0	UKR	0	80
34704	melitopol	46.83	35.36	0	0	55	0	UKR	46	80
33846	Mikolaiy	47.03	32	0	0	49	0	UKR	0	80
33633	Mizhhirya	48.18	23.27	0	0	456	0	UKR	595	80
33663	Mogiliv-podilsk	48.45	27.78	0	0	79	0	UKR	345	80
33391	Mostytcka	49.8	23.17	0	0	232	0	UKR	768	80
33466	Myronivka	49.66	31	0	0	155	0	UKR	338	80
33981	Mysove	45.45	35.83	0	0	15	0	UKR	0	80
33995	Nikitskyi sad	44.52	34.25	0	0	207	0	UKR	0	80
33805	Nikopol	47.58	34.45	0	0	53	0	UKR	196	80
33877	Nizhnii Sirogozhy	46.85	34.4	0	0	54	0	UKR	98	80
33246	Nizhyn	51.05	31.9	0	0	124	0	UKR	486	80
33869	Nova Kakhovka	46.78	33.37	0	0	26	0	UKR	104	80
33557	Nova Ushytsa	48.85	27.26	0	0	292	0	UKR	377	80
33662	Novodnistrovsk	48.6	27.4	0	0	242	0	UKR	357	80
33312	Novohrad-Volynskyi	50.6	27.63	0	0	216	0	UKR	544	80
33598	Novomirgorod	48.83	31.65	0	0	179	0	UKR	240	80
34329	Novopskov	49.53	39.13	0	0	91	0	UKR	261	80
33517	Nyzhivi vorota	48.77	23.1	0	0	496	0	UKR	655	80
33962	Nyzhniohirsk	45.45	34.73	0	0	19	0	UKR	27	80
33518	Nyzhnyi Studenyi	48.7	23.37	0	0	615	0	UKR	629	80
33848	Ochakov	46.62	31.55	0	0	35	0	UKR	0	80
33837	Odesa	46.43	30.76	0	0	42	0	UKR	0	80
33203	Olevsk	51.22	27.67	0	0	182	0	UKR	561	80
33236	Oster	50.95	30.88	0	0	112	0	UKR	471	80
33213	Ovruch	51.31	28.78	0	0	168	0	UKR	549	80
34502	Pavlograd	48.55	35.87	0	0	65	0	UKR	328	80
33699	Pervomaisk	48.05	30.85	0	0	105	0	UKR	150	80
33515	Plaiy	48.68	23.17	0	0	1330	0	UKR	637	80
33146	Pokoshychi	51.77	32.96	0	0	195	0	UKR	627	80
33506	Poltava	49.6	34.55	0	0	160	0	UKR	372	80
33705	Pomichna	48.23	31.4	0	0	211	0	UKR	174	80
33945	Poshtove	44.83	33.95	0	0	172	0	UKR	26	80
33646	Pozhyzhevsca	48.15	24.5	0	0	1451	0	UKR	486	80
33362	Priluky	50.58	32.38	0	0	132	0	UKR	474	80
34607	Pryshyb	47.26	35.33	0	0	87	0	UKR	83	80
33647	Rahiv	48.05	24.2	0	0	430	0	UKR	535	80
33287	Rava-Ruska	50.25	23.63	0	0	252	0	UKR	744	80
33301	Rivne	50.58	26.13	0	0	227	0	UKR	598	80
33268	Romny	50.76	33.45	0	0	168	0	UKR	469	80
33922	Rozdolne	45.6	33.55	0	0	16	0	UKR	29	80
33896	Sarata	46.01	29.76	0	0	12	0	UKR	35	80
33088	Sarny	51.28	26.61	0	0	153	0	UKR	649	80
33657	Seliatyn	47.86	25.21	0	0	762	0	UKR	426	80
33049	Semenovka	52.18	32.58	0	0	160	0	UKR	616	80
33833	Serbka	47.01	30.75	0	0	72	0	UKR	42	80
33994	Sevastopil	44.62	33.53	0	0	7	0	UKR	0	80
33317	Shepetivka	50.16	27.03	0	0	277	0	UKR	523	80
33946	Simferopol	44.68	34.13	0	0	180	0	UKR	19	80
34505	Sinelnikove	48.35	35.45	0	0	147	0	UKR	180	80
33516	Slavske	48.85	23.45	0	0	592	0	UKR	595	80
33593	Smila	49.2	31.9	0	0	126	0	UKR		80
33513	Stryi	49.23	23.85	0	0	294	0	UKR	606	80
33275	Sumy	50.85	34.66	0	0	180	0	UKR	504	80
34421	Svatove	49.41	38.16	0	0	86	0	UKR	249	80
33067	Svitayz	51.48	23.83	0	0	164	0	UKR	849	80
33614	Svitlovodsk	49.05	33.25	0	0	85	0	UKR	280	80
33415	Ternopil	49.53	25.66	0	0	328	0	UKR	518	80
34320	Troicke	49.92	38.25	0	0	151	0	UKR	309	80
33511	Turka	49.15	23.03	0	0	594	0	UKR	646	80
33587	Uman	48.76	30.23	0	0	214	0	UKR	245	80
33631	Uzhhorod	48.63	22.26	0	0	115	0	UKR	683	80
33862	Velyka Aleksandrovka	47.32	33.28	0	0	57	0	UKR	129	80
33514	Velykyi Bereznyi	48.9	22.47	0	0	205	0	UKR	692	80
34312	Velykyi Burluk	50.06	37.38	0	0	175	0	UKR	542	80
33495	Veselyi Podil	49.61	33.26	0	0	96	0	UKR	346	80
33898	Vilkove	45.4	29.6	0	0	3	0	UKR	10	80
33562	Vinnytsia	49.2	28.6	0	0	296	0	UKR	383	80
33973	Vladislavovka	45.17	35.38	0	0	35	0	UKR	6	80
34615	Volnovakha	47.61	37.35	0	0	266	0	UKR	57	80
33177	Volodymyr-Volynsky	50.83	24.31	0	0	193	0	UKR	700	80
33777	Voznesensk	47.56	31.33	0	0	26	0	UKR	102	80
33356	Yagotyn	50.23	31.8	0	0	125	0	UKR	410	80
33990	Yalta	44.48	34.16	0	0	66	0	UKR	0	80
33421	Yampil	49.95	26.22	0	0	274	0	UKR	526	80
33645	Yaremcha	48.45	24.55	0	0	531	0	UKR	510	80
33392	Yavoriv	49.95	23.4	0	0	254	0	UKR	717	80
34601	Zaporizhzhia	47.8	35.01	0	0	59	0	UKR	247	80
33581	Zhashkiv	49.23	30.11	0	0	235	0	UKR	298	80
33564	Zhmerenka	48.95	28.01	0	0	304	0	UKR	341	80
33325	Zhytomyr	50.23	28.73	0	0	219	0	UKR	439	80
33609	Znamianka	48.71	32.66	0	0	180	0	UKR	237	80
34208	Zolochiv	50.3	35.96	0	0	145	0	UKR	392	80
33484	Zolotonosha	49.68	32.51	0	0	94	0	UKR	337	80
33586	Zvenihorodka	48.08	30.9	0	0	215	0	UKR	268	80